4 4 4 4
253.329345
314.585649
150.892895
-247.390016
-767.782665
249.650280
-317.976919
-211.846249
-437.736078
-587.145805
100.915122
851.419114
-760.592464
466.832885
14.770142
440.639941
-35.414771
-189.037543
696.872469
201.253679
-331.923151
70.161440
870.620015
946.697651
-160.555224
-807.435676
-27.724855
220.888849
-703.939088
766.176492
793.612428
959.724300
-369.886082
45.304219
-647.466560
-985.920748
601.218454
608.070652
-115.347670
563.776555
-407.288151
764.865209
-767.219329
506.675301
257.280259
297.620567
51.772428
88.296419
989.314619
233.944218
867.691748
743.484158
-158.571915
238.544074
-216.918363
506.556464
464.771335
-85.000431
821.565769
441.708210
794.289400
858.334725
-930.114919
-543.478531
-853.547164
247.321708
-842.823646
-688.929319
151.496853
-590.874790
-425.679195
857.209481
-391.416864
182.554016
69.431566
790.171755
-500.826317
579.442829
51.105377
798.569942
218.102646
-198.938056
527.076085
238.814791
-264.607093
-650.756061
-681.101215
175.214705
-915.824852
789.147432
467.312312
-475.595519
-142.818940
749.089538
-412.403045
-383.010409
165.446666
-771.164467
934.158800
-939.139195
