4 4 4 4
39.150928
-196.973217
180.073931
-773.412454
873.774192
-649.807336
160.216637
389.521405
165.213048
19.566809
650.384295
-181.046151
-348.161159
-730.515166
-467.469829
909.212547
-192.326592
445.202739
-29.773017
-158.484087
260.396746
252.333221
431.066210
840.208875
497.329796
572.236935
-973.548690
-385.597234
406.458687
69.473648
892.402186
-642.757223
507.542388
271.182577
-427.099902
403.110566
618.610470
48.226121
-104.560509
-912.185928
-989.114708
349.443052
-7.204794
-311.983182
-728.344554
-164.275687
-714.502219
310.746884
947.147295
-478.812640
-397.743063
-658.721551
-883.844866
-764.918675
804.514518
592.005248
-184.907124
928.070880
139.956715
997.868399
987.752913
806.054580
-704.037144
-899.736399
-146.420668
739.229506
569.241656
766.205195
-586.266544
339.784477
-648.293111
-50.723600
710.621977
262.195801
943.650712
847.743949
-113.759006
657.281736
740.465764
-66.214333
241.238710
-540.166485
734.739467
-772.942075
568.637050
-947.644095
524.544545
-344.951819
-919.858563
-604.274723
291.906326
-534.018030
111.058031
-787.492688
659.840463
-929.039647
699.558332
196.372673
652.614962
461.782665
